64,2
64,4
64,1
64,3
10,183
10,133
10,221
10,73
10,35
10,263
10,311
10,89
8,15
8,17
28,3
28,1
20,3
20,2
20,1
19,2
19,3
19,1
12,3
12,2
12,1
11,29
11,28
11,27
11,26
11,25
11,24
11,23
11,22
11,21
11,20
11,19
11,18
11,17
11,16
11,15
11,14
11,13
11,12
11,11
11,10
11,9
11,8
11,7
11,6
11,5
11,4
11,3
11,2
11,1
11,0
10,310
10,288
10,259
10,244
10,238
10,231
10,230
10,224
10,219
10,210
10,208
10,206
10,198
10,190
10,186
10,180
10,150
10,136
10,134
10,112
10,106
10,101
10,95
10,94
18,1
10,93
18,3
10,92
10,74
10,11
10,8
10,5
10,3
10,2
10,1
9,7
9,6
9,5
9,4
9,3
9,2
9,1
8,14
8,13
8,12
8,11
8,10
8,8
8,7
8,6
8,5
8,4
8,3
8,2
8,1
3,3
